17-04-2018 14:57:47 INFO [main] SortManager - Start
17-04-2018 14:57:47 INFO [main] SortManager - 84
17-04-2018 14:57:47 INFO [main] SortManager - Finish
17-04-2018 15:02:16 INFO [main] SortManager - Start
17-04-2018 15:02:16 INFO [main] SortManager - 0ms
17-04-2018 15:02:16 INFO [main] SortManager - Finish
17-04-2018 15:07:32 INFO [main] SortManager - Start
17-04-2018 15:07:32 INFO [main] SortManager - 86836
17-04-2018 15:07:32 INFO [main] SortManager - Finish
19-04-2018 09:39:31 INFO [main] SortManager - Start
19-04-2018 09:39:31 INFO [main] SortManager - Sorting method: MergeSort
19-04-2018 09:39:31 INFO [main] SortManager - Array to sort: [253, 49, 414, 357, 886, 642, 215, 52, 389, 989, 134, 695, 896, 617, 555, 557, 286, 85, 566, 376, 782, 554, 164, 212, 682, 472, 681, 997, 443, 876, 236, 612, 669, 3, 304, 597, 403, 941, 94, 41, 950, 784, 848, 691, 230, 672, 401, 648, 315, 849, 824, 240, 837, 985, 299, 468, 808, 652, 935, 539, 236, 668, 646, 653, 432, 605, 362, 291, 710, 211, 85, 96, 138, 97, 11, 576, 340, 815, 727, 668, 573, 879, 346, 95, 174, 492, 931, 609, 131, 31, 664, 645, 783, 335, 754, 856, 449, 620, 831, 337]
19-04-2018 09:39:31 INFO [main] SortManager - Sorted array: [3, 11, 31, 41, 49, 52, 85, 85, 94, 95, 96, 97, 131, 134, 138, 164, 174, 211, 212, 215, 230, 236, 236, 240, 253, 286, 291, 299, 304, 315, 335, 337, 340, 346, 357, 362, 376, 389, 401, 403, 414, 432, 443, 449, 468, 472, 492, 539, 554, 555, 557, 566, 573, 576, 597, 605, 609, 612, 617, 620, 642, 645, 646, 648, 652, 653, 664, 668, 668, 669, 672, 681, 682, 691, 695, 710, 727, 754, 782, 783, 784, 808, 815, 824, 831, 837, 848, 849, 856, 876, 879, 886, 896, 931, 935, 941, 950, 985, 989, 997]
19-04-2018 09:39:31 INFO [main] SortManager - Sorting time: 91042
19-04-2018 09:39:31 INFO [main] SortManager - Finish
19-04-2018 09:49:43 INFO [main] SortManager - Start
19-04-2018 09:49:43 INFO [main] SortManager - Sorting method: MergeSort
19-04-2018 09:49:43 INFO [main] SortManager - Array to sort: [770, 928, 302, 664, 143, 618, 421, 537, 288, 720, 403, 288, 331, 861, 902, 912, 888, 837, 83, 281, 162, 811, 883, 137, 622, 835, 693, 201, 68, 658, 689, 267, 57, 809, 62, 242, 798, 793, 665, 441, 49, 864, 388, 558, 103, 497, 294, 352, 794, 162, 796, 250, 740, 39, 932, 372, 121, 660, 705, 327, 858, 623, 48, 254, 907, 812, 702, 500, 298, 658, 612, 560, 674, 106, 984, 389, 500, 136, 569, 902, 249, 451, 382, 631, 335, 310, 724, 174, 101, 641, 507, 64, 660, 657, 699, 24, 436, 147, 656, 419]
19-04-2018 09:49:43 INFO [main] SortManager - Sorted array: [24, 39, 48, 49, 57, 62, 64, 68, 83, 101, 103, 106, 121, 136, 137, 143, 147, 162, 162, 174, 201, 242, 249, 250, 254, 267, 281, 288, 288, 294, 298, 302, 310, 327, 331, 335, 352, 372, 382, 388, 389, 403, 419, 421, 436, 441, 451, 497, 500, 500, 507, 537, 558, 560, 569, 612, 618, 622, 623, 631, 641, 656, 657, 658, 658, 660, 660, 664, 665, 674, 689, 693, 699, 702, 705, 720, 724, 740, 770, 793, 794, 796, 798, 809, 811, 812, 835, 837, 858, 861, 864, 883, 888, 902, 902, 907, 912, 928, 932, 984]
19-04-2018 09:49:43 INFO [main] SortManager - Sorting time: 69409
19-04-2018 09:49:43 INFO [main] SortManager - Finish
19-04-2018 09:50:08 INFO [main] SortManager - Start
19-04-2018 09:50:08 INFO [main] SortManager - Sorting method: MergeSort
19-04-2018 09:50:08 INFO [main] SortManager - Array to sort: [44, 768, 316, 967, 60, 893, 137, 509, 498, 979, 735, 293, 595, 282, 743, 927, 234, 355, 30, 845, 273, 545, 740, 515, 969, 491, 831, 652, 30, 246, 869, 775, 33, 15, 652, 169, 483, 53, 48, 580, 723, 189, 64, 108, 117, 735, 461, 858, 448, 310, 969, 706, 641, 533, 479, 999, 961, 989, 765, 935, 736, 659, 339, 305, 772, 854, 303, 354, 714, 862, 158, 942, 528, 936, 24, 252, 740, 990, 185, 995, 21, 667, 880, 776, 260, 900, 926, 914, 822, 866, 524, 460, 193, 972, 297, 609, 440, 586, 983, 647]
19-04-2018 09:50:08 INFO [main] SortManager - Sorted array: [15, 21, 24, 30, 30, 33, 44, 48, 53, 60, 64, 108, 117, 137, 158, 169, 185, 189, 193, 234, 246, 252, 260, 273, 282, 293, 297, 303, 305, 310, 316, 339, 354, 355, 440, 448, 460, 461, 479, 483, 491, 498, 509, 515, 524, 528, 533, 545, 580, 586, 595, 609, 641, 647, 652, 652, 659, 667, 706, 714, 723, 735, 735, 736, 740, 740, 743, 765, 768, 772, 775, 776, 822, 831, 845, 854, 858, 862, 866, 869, 880, 893, 900, 914, 926, 927, 935, 936, 942, 961, 967, 969, 969, 972, 979, 983, 989, 990, 995, 999]
19-04-2018 09:50:08 INFO [main] SortManager - Sorting time: 112676
19-04-2018 09:50:08 INFO [main] SortManager - Finish
